0
4
0
4
1
0
1
0
3
1
3
1
114
3
114
3
4
5
4
5
113
110
113
110
6
7
6
7
7
8
7
8
8
9
8
9
9
10
9
10
10
11
10
11
11
12
11
12
12
110
12
110
13
14
13
14
14
15
14
15
15
16
15
16
16
17
16
17
17
18
17
18
18
19
18
19
110
6
110
6
20
21
20
21
21
22
21
22
22
23
22
23
23
24
23
24
24
25
24
25
26
27
26
27
27
28
27
28
28
29
28
29
29
30
29
30
25
31
25
31
26
31
26
31
32
33
32
33
33
34
33
34
32
35
32
35
30
35
30
35
120
36
120
36
119
37
119
37
112
38
112
38
38
39
38
39
39
40
39
40
40
41
40
41
41
42
41
42
42
43
42
43
43
44
43
44
44
45
44
45
135
46
135
46
137
47
137
47
139
48
139
48
141
49
141
49
142
50
142
50
143
51
143
51
51
52
51
52
144
54
144
54
145
55
145
55
51
55
51
55
49
53
49
53
52
56
52
56
56
57
56
57
57
58
57
58
146
59
146
59
59
60
59
60
60
61
60
61
61
62
61
62
132
63
132
63
150
65
150
65
151
65
151
65
149
66
149
66
122
67
122
67
124
68
124
68
126
69
126
69
128
70
128
70
130
71
130
71
131
72
131
72
72
73
72
73
73
74
73
74
74
75
74
75
75
76
75
76
76
77
76
77
77
78
77
78
78
79
78
79
79
80
79
80
80
81
80
81
81
82
81
82
82
83
82
83
83
84
83
84
84
85
84
85
85
86
85
86
86
87
86
87
87
88
87
88
147
89
147
89
152
91
152
91
153
91
153
91
148
92
148
92
94
93
94
93
92
94
92
94
93
95
93
95
95
96
95
96
96
97
96
97
100
99
100
99
102
98
102
98
99
101
99
101
101
102
101
102
97
100
97
100
98
103
98
103
103
104
103
104
104
105
104
105
109
106
109
106
106
107
106
107
107
108
107
108
108
2
108
2
105
109
105
109
117
111
117
111
19
111
19
111
13
111
13
111
115
111
115
111
37
112
37
112
5
113
5
113
2
114
2
114
20
115
20
115
110
116
110
116
116
117
116
117
36
118
36
118
118
119
118
119
34
120
34
120
66
121
66
121
121
122
121
122
67
123
67
123
123
124
123
124
68
125
68
125
125
126
125
126
69
127
69
127
127
128
127
128
70
129
70
129
129
130
129
130
71
131
71
131
62
132
62
132
63
133
63
133
89
134
89
134
45
135
45
135
46
136
46
136
136
137
136
137
47
138
47
138
138
139
138
139
48
140
48
140
140
141
140
141
49
142
49
142
50
143
50
143
53
144
53
144
54
145
54
145
58
146
58
146
134
90
134
90
88
147
88
147
90
148
90
148
133
64
133
64
64
149
64
149
64
150
64
150
63
151
63
151
90
152
90
152
89
153
89
153
0
4
0
4
1
0
1
0
3
1
3
1
114
3
114
3
4
5
4
5
113
110
113
110
6
7
6
7
7
8
7
8
8
9
8
9
9
10
9
10
10
11
10
11
11
12
11
12
12
110
12
110
13
14
13
14
14
15
14
15
15
16
15
16
16
17
16
17
17
18
17
18
18
19
18
19
110
6
110
6
20
21
20
21
21
22
21
22
22
23
22
23
23
24
23
24
24
25
24
25
26
27
26
27
27
28
27
28
28
29
28
29
29
30
29
30
25
31
25
31
26
31
26
31
32
33
32
33
33
34
33
34
32
35
32
35
30
35
30
35
120
36
120
36
119
37
119
37
112
38
112
38
38
39
38
39
39
40
39
40
40
41
40
41
41
42
41
42
42
43
42
43
43
44
43
44
44
45
44
45
135
46
135
46
137
47
137
47
139
48
139
48
141
49
141
49
142
50
142
50
143
51
143
51
51
52
51
52
144
54
144
54
145
55
145
55
51
55
51
55
49
53
49
53
52
56
52
56
56
57
56
57
57
58
57
58
146
59
146
59
59
60
59
60
60
61
60
61
61
62
61
62
132
63
132
63
150
65
150
65
151
65
151
65
149
66
149
66
122
67
122
67
124
68
124
68
126
69
126
69
128
70
128
70
130
71
130
71
131
72
131
72
72
73
72
73
73
74
73
74
74
75
74
75
75
76
75
76
76
77
76
77
77
78
77
78
78
79
78
79
79
80
79
80
80
81
80
81
81
82
81
82
82
83
82
83
83
84
83
84
84
85
84
85
85
86
85
86
86
87
86
87
87
88
87
88
147
89
147
89
152
91
152
91
153
91
153
91
148
92
148
92
94
93
94
93
92
94
92
94
93
95
93
95
95
96
95
96
96
97
96
97
100
99
100
99
102
98
102
98
99
101
99
101
101
102
101
102
97
100
97
100
98
103
98
103
103
104
103
104
104
105
104
105
109
106
109
106
106
107
106
107
107
108
107
108
108
2
108
2
105
109
105
109
117
111
117
111
19
111
19
111
13
111
13
111
115
111
115
111
37
112
37
112
5
113
5
113
2
114
2
114
20
115
20
115
110
116
110
116
116
117
116
117
36
118
36
118
118
119
118
119
34
120
34
120
66
121
66
121
121
122
121
122
67
123
67
123
123
124
123
124
68
125
68
125
125
126
125
126
69
127
69
127
127
128
127
128
70
129
70
129
129
130
129
130
71
131
71
131
62
132
62
132
63
133
63
133
89
134
89
134
45
135
45
135
46
136
46
136
136
137
136
137
47
138
47
138
138
139
138
139
48
140
48
140
140
141
140
141
49
142
49
142
50
143
50
143
53
144
53
144
54
145
54
145
58
146
58
146
134
90
134
90
88
147
88
147
90
148
90
148
133
64
133
64
64
149
64
149
64
150
64
150
63
151
63
151
90
152
90
152
89
153
89
153
